104
174
55
216
106
80
136
119
187
190
180
165
131
169
101
113
128
123
205
82
155
138
130
120
75
308
81
129
201
68
152
60
147
139
153
174
135
80
114
107
37
91
140
80
116
114
108
87
219
128
123
247
130
94
208
161
163
57
148
60
156
206
83
140
179
87
144
121
230
190
126
254
158
172
88
105
105
112
117
206
118
159
191
100
154
219
143
152
166
98
148
132
84
214
130
234
68
173
134
173
100
156
167
146
130
125
166
83
141
102
156
108
102
132
102
93
89
148
98
177
229
108
74
149
134
109
167
145
216
134
208
224
230
182
158
108
151
113
172
146
80
106
121
61
135
56
182
233
144
91
139
175
121
116
51
176
119
146
139
84
138
148
220
182
123
180
124
111
78
124
86
192
189
114
124
54
30
147
79
185
55
182
101
233
133
128
231
164
216
52
123
72
177
119
176
62
100
180
110
232
325
186
73
47
54
94
170
149
131
181
109
101
174
89
185
190
148
163
96
150
143
186
298
131
35
149
196
64
74
69
129
85
177
187
99
114
165
115
140
67
141
173
221
118
86
126
231
122
183
112
202
51
164
109
95
108
161
143
192
166
143
109
116
106
112
93
217
104
173
139
158
190
68
168
176
141
85
226
188
54
163
148
113
83
127
146
135
180
99
100
171
188
158
179
158
139
264
182
211
138
85
175
73
94
149
181
136
110
162
96
113
338
202
137
94
175
129
121
182
174
85
112
140
101
108
104
125
228
127
87
69
113
71
126
113
111
161
118
215
128
135
76
76
161
136
100
173
211
87
111
95
194
186
278
75
169
197
54
73
171
142
174
138
112
166
132
143
132
114
113
134
160
128
187
139
160
116
57
60
118
165
118
214
85
174
47
126
97
70
143
240
181
123
60
95
181
163
114
106
137
189
124
163
138
139
192
269
231
167
87
101
96
243
182
108
95
82
120
145
55
81
143
143
157
147
155
114
73
138
143
67
118
92
113
122
149
142
268
101
116
314
160
184
79
160
142
205
196
182
249
216
255
129
143
125
98
85
134
149
185
99
236
293
200
179
226
157
183
224
184
149
88
154
42
196
227
82
156
104
140
58
134
120
59
121
139
149
139
113
55
118
138
183
224
141
282
130
112
138
70
197
202
147
236
50
171
57
139
143
118
162
84
130
227
246
89
137
150
145
115
105
106
135
83
126
159
167
261
135
81
113
104
113
141
168
137
108
72
98
230
165
150
68
104
155
127
168
184
137
220
99
112
232
187
117
91
218
150
142
223
97
156
97
121
125
137
83
100
153
120
169
130
168
161
119
177
190
120
139
100
234
193
94
165
87
111
123
212
187
90
204
140
205
136
169
120
195
151
151
167
121
142
201
130
145
117
130
146
156
115
153
215
185
84
77
126
125
160
183
166
155
133
144
157
107
207
149
97
119
124
96
193
196
148
174
120
81
164
103
147
95
176
155
178
155
188
96
86
245
81
113
172
88
145
181
252
217
182
155
178
103
148
122
82
148
221
92
58
117
94
127
174
73
218
142
65
171
240
152
111
174
174
61
92
169
143
156
108
127
65
170
188
119
178
154
71
58
124
149
122
96
270
120
139
156
107
122
168
158
176
235
212
140
117
135
239
69
151
182
213
162
161
161
134
95
63
90
137
156
172
103
169
208
145
114
68
260
226
149
143
118
111
254
125
188
103
101
160
143
48
145
261
156
166
61
57
126
105
118
114
93
204
190
184
170
113
272
62
86
137
186
184
73
114
90
192
163
105
184
107
145
98
175
61
152
142
142
217
115
115
106
123
246
192
178
99
241
107
94
190
172
251
143
145
196
177
138
180
156
57
238
152
210
172
131
143
179
183
110
156
189
129
138
237
61
140
77
98
118
138
82
79
95
153
133
54
74
130
136
214
125
118
68
138
112
203
121
142
76
181
91
172
73
141
159
177
99
138
157
87
174
101
137
137
314
125
148
150
116
213
116
247
172
179
132
177
235
210
242
156
111
164
69
77
134
119
196
155
169
78
142
163
186
115
334
197
175
159
135
193
74
154
108
257
198
200
157
56
115
68
125
163
194
119
128
119
129
86
34
111
54
177
144
284
163
153
156
134
114
69
116
77
156
139
183
136
204
220
160
194
166
131
150
135
111
201
95
229
62
67
136
138
93
108
110
193
141
166
107
82
105
166
105
48
41
154
143
61
123
103
119
162
216
160
194
166
131
118
179
88
115
179
151
126
61
209
168
108
47
151
139
194
155
161
111
239
165
272
279
108
121
168
160
284
72
119
103
127
81
144
182
93
90
142
85
92
142
155
186
76
121
104
185
203
122
74
150
82
216
138
68
133
156
200
146
143
160
79
53
57
51
161
187
115
145
141
103
208
124
180
102
153
212
229
69
114
123
122
109
172
243
202
101
146
156
243
131
116
110
272
255
112
108
164
191
51
166
96
101
199
80
106
130
60
214
104
121
136
127
183
128
134
108
173
187
131
151
52
90
95
160
276
293
124
104
156
165
210
129
171
95
132
207
196
239
104
100
126
145
204
112
211
67
194
102
143
128
144
234
119
183
147
159
113
223
109
83
48
83
113
108
126
143
216
144
145
102
119
200
193
169
83
134
158
213
98
132
124
170
136
105
190
228
114
153
123
128
131
101
150
195
96
138
127
228
115
181
165
171
61
85
110
196
169
138
163
112
148
167
49
164
133
79
61
190
161
158
182
136
174
116
88
173
278
143
122
157
135
118
117
170
117
130
87
106
102
59
132
148
160
140
172
108
269
59
139
109
119
169
123
125
201
129
177
179
137
68
141
77
120
127
122
73
120
134
168
148
181
137
127
103
126
104
193
67
118
126
63
140
135
65
181
112
207
106
112
158
182
181
89
127
185
177
237
65
70
176
117
179
110
58
172
166
87
137
133
136
160
179
115
123
190
183
146
170
61
91
183
114
142
103
114
90
210
139
88
106
126
160
125
102
112
172
99
153
115
72
115
102
212
95
103
95
114
129
220
78
99
117
75
182
138
185
211
146
175
148
177
66
144
133
192
136
104
136
100
85
118
246
120
80
112
345
125
182
65
111
73
57
93
63
90
179
87
92
186
97
223
51
127
151
174
138
128
138
147
226
289
85
223
110
256
157
123
80
111
189
118
213
186
261
209
49
87
156
202
129
71
149
151
142
97
150
79
163
137
114
195
211
71
129
167
91
156
105
149
190
169
141
211
156
124
179
164
85
182
145
143
190
108
79
146
200
140
84
151
147
91
175
102
67
158
141
151
192
162
202
114
72
123
179
140
132
144
139
94
147
307
191
196
116
154
127
203
145
72
164
180
131
97
142
129
72
121
109
135
177
138
105
183
223
97
105
68
53
169
96
192
154
249
182
217
154
134
102
110
111
118
171
180
71
153
129
85
156
89
203
96
170
174
173
152
141
89
177
105
92
190
210
131
134
133
87
182
220
143
230
118
70
210
247
117
127
181
169
203
181
138
105
135
65
134
115
168
96
182
184
125
66
142
109
166
85
208
150
63
226
113
213
90
189
104
148
120
88
184
72
236
200
88
177
118
179
132
213
165
107
135
123
128
81
134
78
96
118
176
124
171
156
225
172
129
148
64
156
98
94
107
220
129
148
193
159
89
199
145
170
99
144
198
286
95
166
215
114
140
185
132
197
117
235
152
133
172
108
120
128
215
98
172
67
155
159
84
107
115
117
151
201
121
115
158
142
93
101
146
101
101
84
138
177
122
97
149
157
111
123
67
105
63
80
149
151
181
137
103
117
97
120
123
143
176
166
68
85
198
132
144
137
180
102
140
175
155
100
191
119
181
118
117
97
128
187
127
103
120
137
143
138
114
148
60
166
57
68
90
135
65
185
61
104
164
166
166
171
63
62
149
165
153
237
107
92
221
134
92
189
173
56
106
155
174
160
186
171
82
57
135
124
168
180
119
133
131
110
129
140
124
245
160
53
109
107
56
150
144
114
158
218
116
123
106
174
85
242
125
77
120
139
194
108
163
105
66
161
106
93
128
96
205
55
149
183
118
90
134
91
161
114
107
250
71
122
171
121
147
161
155
188
114
173
217
163
154
189
88
91
189
191
80
162
207
120
184
97
103
103
125
190
141
95
144
124
80
176
169
184
213
165
67
57
173
136
125
91
61
68
89
105
118
175
233
140
175
82
159
79
230
116
73
145
100
160
215
195
84
116
174
157
228
83
90
69
147
116
155
134
65
73
128
238
235
137
146
106
123
74
97
136
99
168
134
204
139
104
85
111
98
84
139
169
182
249
218
123
261
201
70
134
129
167
71
115
104
97
165
127
135
102
125
109
142
142
106
149
155
148
157
168
110
91
203
67
142
103
103
176
127
121
113
146
100
154
115
78
96
203
152
92
83
133
105
89
109
208
118
106
183
80
146
91
115
104
131
134
189
152
157
177
123
132
109
200
77
116
67
136
167
136
118
182
200
237
186
165
105
158
121
134
102
111
115
155
206
220
81
73
219
70
130
120
141
138
103
53
190
161
118
122
131
95
165
105
106
118
160
247
146
138
151
53
94
114
55
122
85
159
83
115
119
113
126
81
134
95
119
133
54
95
143
152
223
105
182
68
190
120
177
118
155
182
63
182
102
171
168
97
194
203
76
227
65
119
142
135
153
160
192
231
63
321
185
190
59
110
203
115
147
168
145
108
58
161
150
144
178
137
150
204
95
197
134
70
135
161
152
142
247
153
110
108
149
153
147
122
146
224
118
142
178
171
217
135
140
106
263
229
228
209
93
155
198
118
120
149
219
165
108
155
117
134
140
137
100
162
90
137
182
138
171
206
92
89
169
89
58
105
65
141
169
218
107
162
118
148
196
196
167
134
171
168
174
156
185
77
140
165
170
162
138
131
228
273
179
67
170
109
108
159
114
241
61
198
146
114
47
114
144
191
169
158
139
220
141
194
100
145
134
236
103
169
144
158
174
152
94
124
109
159
133
129
162
124
141
150
136
73
133
161
169
89
200
124
169
189
181
142
177
113
165
144
85
143
135
218
117
170
86
48
219
186
181
152
168
132
73
132
290
158
54
115
126
184
68
137
39
128
184
179
156
110
159
82
188
136
123
164
149
105
146
128
112
77
164
112
123
153
166
187
120
104
157
225
51
132
82
63
51
95
124
105
139
149
77
136
110
161
82
113
117
96
235
177
265
128
145
153
126
196
175
173
109
76
147
298
167
108
110
245
110
121
136
102
107
131
61
73
114
167
187
103
199
173
114
97
121
175
180
158
181
113
164
90
111
147
85
108
225
156
93
201
143
127
78
134
94
200
128
110
209
154
141
156
233
156
130
81
73
165
73
114
104
141
199
143
112
83
129
111
126
160
228
99
102
71
194
296
146
175
93
196
138
175
147
141
240
155
91
115
211
158
159
155
203
140
211
193
121
133
120
119
135
125
196
155
136
90
123
188
86
164
73
95
167
122
255
66
166
58
105
152
71
99
170
93
154
77
128
167
100
86
196
100
146
84
165
211
84
109
181
178
108
156
132
46
110
164
102
144
102
142
166
230
96
146
176
81
137
139
117
152
165
384
80
224
203
84
133
152
140
223
124
90
147
139
139
198
175
238
97
80
197
141
104
92
155
150
125
126
144
74
129
286
133
111
225
132
195
127
159
105
133
165
191
52
131
221
113
70
84
49
129
172
146
104
277
186
224
164
47
125
204
178
69
65
130
250
175
135
94
92
173
39
85
156
201
354
81
136
101
235
62
150
213
96
157
141
165
210
162
169
161
154
77
174
145
179
212
153
134
129
129
164
100
84
111
121
124
159
116
142
113
196
160
121
147
36
112
86
182
120
126
112
133
182
135
163
131
143
191
109
89
219
193
150
131
127
133
127
113
188
118
163
127
115
80
142
138
104
205
144
102
89
144
220
137
94
86
158
170
202
201
91
152
102
156
96
254
113
125
172
138
147
151
140
100
154
138
201
138
118
230
110
133
123
90
94
112
166
350
80
138
156
227
119
71
153
170
137
90
109
65
188
178
224
122
134
147
188
169
213
124
146
111
66
172
51
146
111
211
125
97
170
117
105
155
196
140
86
39
103
118
100
109
89
106
105
130
98
80
90
107
208
194
61
178
47
158
73
128
67
183
120
222
204
153
222
168
217
81
137
125
66
126
122
82
129
207
259
122
120
136
75
185
117
95
111
145
231
144
136
157
160
74
144
154
74
336
98
181
149
149
200
94
162
116
136
75
269
115
109
187
117
161
164
181
108
112
189
139
205
90
70
255
184
134
129
121
109
197
228
151
170
92
144
186
42
216
55
96
203
211
105
67
106
179
109
185
154
121
171
277
330
94
110
154
94
138
91
173
205
160
133
118
163
104
65
325
137
124
126
156
89
76
157
108
217
48
164
121
258
202
164
121
177
108
121
136
149
188
122
106
283
194
152
219
151
150
171
142
159
131
123
171
146
130
144
137
145
166
199
136
128
125
281
124
101
32
80
193
121
136
150
151
132
149
202
112
122
134
71
166
156
205
97
44
179
97
135
132
109
182
156
168
211
191
225
122
118
171
189
91
118
187
162
129
195
114
192
102
173
121
46
110
145
158
131
101
229
77
80
146
175
89
114
103
109
157
83
194
63
132
154
129
127
174
200
180
162
152
178
162
180
56
121
95
141
123
167
127
82
197
204
179
158
227
136
80
108
158
221
149
213
163
113
60
141
155
87
61
92
150
291
128
71
148
150
233
149
92
187
155
79
148
68
91
121
100
145
93
199
158
134
130
100
156
204
76
94
178
124
127
111
92
190
105
137
134
138
98
103
141
157
218
49
175
319
109
126
47
133
187
165
227
137
171
69
54
180
111
116
189
262
140
144
104
134
212
108
35
98
124
168
138
186
170
130
198
131
142
91
149
171
179
94
128
169
158
205
85
48
124
111
140
125
81
93
183
148
130
56
153
143
163
136
156
173
105
56
131
129
171
120
186
90
146
83
204
121
129
182
179
98
111
78
148
134
79
120
89
149
180
111
68
115
155
143
170
138
63
143
100
162
99
127
102
196
109
186
214
296
164
99
100
104
137
98
89
123
190
123
112
157
155
199
112
105
157
110
205
152
144
190
73
195
141
90
150
55
137
143
75
63
140
146
121
121
147
231
132
99
114
102
178
187
163
124
69
164
124
180
131
166
108
202
90
133
113
230
246
186
184
199
163
96
103
128
188
112
75
149
106
105
121
90
180
43
208
199
170
194
215
120
45
148
127
150
127
120
159
164
77
135
58
70
205
132
177
169
135
201
224
127
180
185
50
190
55
173
257
86
103
95
104
169
123
88
61
117
177
122
129
224
104
77
125
135
97
129
159
133
181
147
64
121
82
254
189
161
76
237
196
85
216
129
173
184
171
58
169
172
157
80
191
110
95
57
91
125
178
142
51
115
107
193
129
118
156
137
215
253
179
132
209
147
253
181
145
122
117
151
138
68
136
106
94
201
177
138
117
172
166
132
178
76
220
152
160
144
188
62
192
136
256
121
226
112
185
162
168
160
185
100
134
114
79
130
152
133
93
170
180
222
125
90
142
209
211
297
155
109
52
204
85
93
144
120
149
178
241
96
152
186
135
341
78
97
258
200
104
156
175
143
106
172
155
123
110
93
78
56
148
184
207
120
145
56
138
136
218
151
145
150
160
182
162
156
141
146
133
100
158
208
164
132
112
211
172
243
275
125
170
154
168
169
108
135
147
74
50
60
54
264
125
150
102
147
126
84
123
56
172
114
85
67
109
86
141
61
224
150
199
160
148
177
244
126
232
131
132
168
89
82
92
74
101
154
119
164
168
105
124
146
154
97
151
119
137
153
195
171
108
128
202
95
109
78
228
135
161
129
202
143
160
149
155
136
154
262
172
109
113
185
135
95
96
116
81
85
164
150
131
192
89
127
76
167
199
171
223
156
161
162
167
178
198
107
230
109
102
138
294
179
145
246
202
165
136
132
120
119
128
57
123
234
189
200
168
158
179
215
145
240
153
83
197
84
208
126
230
149
118
61
110
134
157
115
120
209
102
184
80
71
266
102
150
149
92
99
197
142
52
84
151
102
119
160
91
103
194
131
185
54
131
242
178
109
190
151
101
108
209
84
100
135
110
138
118
112
81
183
86
263
202
167
102
40
121
251
79
114
274
179
142
148
99
98
88
135
173
241
201
202
100
277
63
157
166
203
208
184
128
93
181
136
245
144
153
94
63
85
65
159
149
105
124
135
124
76
84
186
101
58
79
86
134
116
228
168
146
213
124
258
138
122
205
139
152
210
52
186
205
97
68
128
160
115
258
128
74
196
181
137
139
118
111
122
120
92
70
101
199
120
112
126
213
105
211
108
60
115
107
95
126
147
178
218
115
157
136
111
195
230
115
164
161
135
112
82
97
157
110
138
179
196
96
103
326
104
285
130
230
124
75
198
219
121
217
123
52
149
104
119
158
222
62
128
87
117
144
102
65
162
100
131
164
114
136
115
114
130
47
87
113
123
77
162
171
381
137
185
121
221
98
182
174
152
47
147
73
181
141
171
199
85
130
108
226
180
140
176
134
111
100
187
123
94
172
155
174
90
192
160
290
136
169
128
183
105
57
171
142
189
229
150
78
147
254
170
171
169
156
166
206
104
114
101
135
171
221
237
129
141
166
152
231
149
163
119
201
152
211
159
53
112
210
171
138
193
198
130
26
56
137
134
169
171
122
54
128
139
141
137
171
166
151
94
189
184
192
182
148
171
178
81
146
120
158
111
136
129
100
191
225
153
185
147
146
135
148
212
108
155
103
68
125
113
111
129
150
91
141
154
211
173
124
165
132
146
166
196
180
129
135
110
106
196
133
91
83
117
168
85
137
127
107
144
119
156
131
84
119
159
186
151
168
121
67
118
184
194
131
132
107
157
168
109
173
157
135
139
122
134
124
185
124
202
154
150
195
154
240
185
167
152
156
201
69
118
135
142
196
112
110
38
260
70
109
146
139
247
135
211
57
122
121
173
197
142
149
64
111
136
107
127
163
172
120
110
165
161
117
219
188
104
62
70
146
250
142
66
226
165
116
86
163
104
139
146
120
219
73
179
201
142
78
131
70
88
74
108
92
118
231
229
94
93
115
122
68
154
261
152
195
147
171
164
89
130
113
38
168
83
55
228
266
145
81
138
123
87
113
170
121
147
124
216
154
143
90
254
132
94
117
57
168
109
73
239
150
146
177
211
112
107
72
323
130
188
190
138
200
196
213
95
155
95
250
202
206
228
183
147
147
109
80
106
122
122
87
54
159
235
176
117
181
158
173
95
115
99
110
191
154
133
155
134
166
110
102
157
135
129
143
145
81
161
139
84
182
166
159
197
142
86
209
112
57
119
192
245
169
102
82
220
220
210
328
163
171
196
137
189
127
206
124
164
108
102
114
60
113
112
126
163
125
156
219
46
56
155
85
113
142
113
63
189
77
252
136
59
55
117
134
114
74
125
85
150
53
114
66
121
132
224
164
146
148
171
128
118
161
155
173
99
142
63
162
210
172
207
130
238
229
80
147
201
185
154
164
154
105
44
156
184
99
174
130
100
178
155
205
184
142
124
134
194
170
102
59
166
141
150
234
127
189
144
151
116
92
164
134
96
128
57
99
156
90
83
109
116
100
128
52
189
223
117
126
188
157
110
170
220
137
102
223
169
154
137
111
163
99
64
147
203
90
161
150
141
121
126
134
103
66
64
237
112
126
57
147
114
118
86
83
98
154
70
176
44
153
257
192
159
77
103
137
142
164
79
155
143
46
99
169
192
98
132
85
160
134
95
116
118
191
71
218
129
143
258
133
138
163
111
145
136
142
171
116
131
123
212
167
153
128
163
177
125
153
94
75
103
165
189
146
247
133
167
120
139
130
130
212
140
136
130
156
94
154
166
129
207
110
273
147
132
204
118
164
227
172
91
121
171
182
166
100
269
110
135
74
120
157
119
134
132
235
123
178
195
131
161
127
131
148
102
195
102
127
48
191
151
106
105
136
184
84
150
106
107
157
160
160
162
82
149
119
113
202
213
125
54
81
98
97
123
271
182
216
143
120
141
112
220
121
174
128
139
142
166
117
224
164
114
151
180
139
132
113
155
135
197
77
216
88
151
214
170
174
123
145
131
73
127
88
181
193
128
168
181
183
68
195
163
165
134
246
145
92
186
102
196
162
136
173
153
215
71
221
223
136
172
138
113
143
100
81
140
136
210
98
57
124
145
52
203
169
199
159
95
201
183
170
192
147
120
100
137
122
167
158
154
86
273
223
254
172
88
170
262
226
129
79
221
60
103
107
98
111
82
161
156
298
218
149
149
148
110
71
119
118
91
154
125
99
117
137
109
212
84
63
98
200
209
124
103
93
192
51
133
94
162
236
72
74
328
160
63
141
199
103
154
227
107
173
227
201
107
172
157
188
168
194
124
88
81
116
146
195
196
199
57
227
125
97
119
162
156
179
172
154
173
151
106
135
146
158
39
146
95
117
202
55
95
59
159
53
131
116
116
198
133
115
204
143
111
96
122
254
172
83
71
241
167
158
78
146
41
171
127
204
160
180
105
100
111
71
153
62
254
157
173
96
143
164
176
158
125
150
253
62
170
154
118
140
125
146
164
148
80
169
202
135
128
218
136
104
139
69
183
39
188
83
67
154
324
130
155
134
114
81
128
176
92
68
171
130
160
121
134
150
97
154
78
269
149
161
135
116
225
96
184
126
139
106
104
79
155
225
151
47
100
107
211
158
56
162
182
122
194
121
128
116
118
149
80
167
269
132
76
190
116
120
124
161
136
215
114
198
123
212
115
139
133
109
121
167
74
174
143
107
125
98
81
124
358
149
72
148
161
190
119
134
165
113
138
95
114
131
179
143
166
127
122
102
153
143
95
145
129
213
119
199
111
272
163
179
106
140
138
230
112
166
194
118
130
134
142
60
140
119
133
150
140
94
282
131
118
126
67
65
199
170
202
137
33
159
146
193
116
132
160
41
58
136
170
236
69
61
125
122
206
171
253
137
157
127
133
173
133
175
223
161
142
81
179
238
136
146
132
111
107
100
132
94
220
126
157
93
159
61
144
160
194
101
222
144
123
60
99
158
220
93
152
187
78
194
129
71
95
49
55
70
63
173
254
170
137
191
113
143
159
195
92
107
215
130
120
130
125
80
122
62
149
75
179
110
191
199
227
163
284
143
172
116
128
217
78
112
164
120
85
139
56
183
116
165
96
65
179
182
141
202
227
184
60
125
136
89
133
136
110
95
233
79
134
127
153
157
103
304
139
136
190
236
153
95
191
208
209
141
157
117
169
92
95
161
195
165
191
165
152
180
145
161
210
102
169
106
172
181
162
223
158
226
158
248
109
222
192
139
93
166
122
229
96
242
219
124
110
162
139
233
71
164
238
140
92
213
106
167
137
146
150
97
96
138
171
190
96
257
190
152
112
176
151
115
146
101
184
213
146
86
184
101
129
204
225
254
257
236
119
136
113
123
115
228
95
128
172
218
163
110
167
168
161
228
165
112
245
231
122
99
106
88
89
182
194
224
169
175
198
105
127
145
258
231
110
191
74
191
117
173
104
260
96
141
221
130
182
238
174
233
191
254
131
190
178
215
96
201
214
122
212
218
112
186
78
186
172
158
150
181
81
142
111
150
74
188
170
115
146
153
94
141
116
121
150
123
104
129
108
167
108
152
123
140
80
126
157
203
106
149
111
59
124
127
145
128
153
87
106
174
149
61
107
112
202
154
92
153
108
73
160
129
153
130
209
111
161
113
137
168
141
133
168
162
150
113
85
129
153
131
66
135
100
156
135
109
103
99
79
200
125
136
160
107
92
120
121
190
176
135
80
181
87
194
141
164
108
215
139
97
111
144
162
127
166
165
165
134
246
104
222
241
141
191
174
138
189
171
244
108
221
235
145
231
188
166
186
158
239
105
227
220
166
220
189
203
209
149
148
205
187
177
167
226
138
212
249
185
184
162
131
164
97
182
107
150
110
151
261
222
101
100
148
179
143
110
211
180
155
99
171
191
155
115
171
217
219
206
221
179
228
156
170
103
141
195
109
159
92
184
172
228
154
138
172
151
132
169
174
103
112
130
210
143
202
225
224
259
86
111
114
173
168
140
191
203
181
165
154
279
186
179
91
215
166
150
156
155
222
130
161
131
148
114
125
169
148
78
137
170
124
164
131
265
70
176
217
208
193
219
119
124
113
189
102
157
193
135
166
179
122
157
127
124
140
157
228
121
252
95
191
180
125
213
204
139
183
131
118
155
79
224
132
180
148
138
135
153
201
175
267
78
240
220
140
88
193
250
83
93
209
216
189
150
128
231
199
224
277
111
242
201
205
223
182
76
171
173
122
182
143
167
193
139
105
206
185
186
99
173
231
232
235
184
104
204
154
94
179
219
187
169
198
180
78
153
161
129
195
161
151
204
74
189
198
135
191
168
84
175
251
134
85
130
189
126
199
213
218
217
111
140
90
84
169
148
233
190
131
229
234
215
106
194
179
226
206
150
94
148
116
102
183
253
169
231
288
168
159
177
223
154
150
156
94
205
207
257
240
250
239
242
207
172
160
138
191
183
169
221
176
217
230
213
190
157
100
189
108
184
206
312
118
206
177
128
165
133
115
132
133
193
99
253
174
113
88
215
151
118
126
212
105
230
199
105
143
162
153
154
102
223
169
175
211
136
184
209
86
89
178
141
231
234
168
95
179
98
112
238
88
238
196
143
80
178
209
145
194
94
230
266
118
118
128
127
122
210
159
104
180
128
130
146
91
208
238
301
123
134
177
282
205
142
75
114
92
57
188
164
207
135
235
210
228
196
115
84
150
94
213
131
162
263
87
135
117
90
132
167
155
204
141
124
142
142
193
113
148
204
132
140
124
148
204
220
227
118
81
186
85
168
152
151
121
130
94
123
118
158
78
195
90
71
129
224
103
183
145
163
128
117
147
113
91
160
151
160
274
159
140
150
169
196
184
205
144
73
185
191
93
157
162
190
173
203
184
153
151
166
123
123
125
151
77
176
163
149
137
121
153
94
160
222
70
115
185
144
185
317
161
126
86
129
164
160
99
195
164
229
143
149
192
163
231
125
115
71
146
95
229
180
196
166
148
152
191
108
183
144
148
166
140
179
145
172
185
140
217
106
186
198
181
163
191
130
186
97
203
134
146
184
204
160
198
218
103
208
198
157
161
145
135
147
124
201
139
83
148
107
186
228
190
252
183
196
135
120
188
139
80
64
126
149
152
149
170
193
63
155
204
191
177
124
137
226
260
63
148
139
116
67
139
178
81
142
150
177
118
95
69
105
123
141
109
158
118
178
144
151
155
119
113
62
88
84
231
155
123
153
175
118
168
120
147
123
116
194
216
172
298
86
227
205
171
204
253
89
274
194
290
116
223
177
129
251
201
119
204
128
275
77
222
250
144
205
225
98
266
120
285
193
251
306
226
228
164
128
62
141
229
205
208
103
205
222
81
140
262
218
228
218
71
227
122
264
107
146
286
79
104
270
168
213
170
201
58
85
133
193
165
297
224
62
104
128
87
173
157
210
79
119
180
256
282
133
213
94
106
89
119
132
184
150
84
163
224
157
201
176
117
155
183
165
187
105
168
112
202
180
285
245
90
178
192
133
84
176
81
160
142
232
123
166
210
209
82
151
84
155
309
142
306
298
212
291
275
206
289
252
269
141
307
303
235
271
247
163
332
286
277
133
305
322
215
186
262
206
298
308
119
284
243
186
273
271
183
293
232
130
190
301
269
199
285
270
124
149
134
251
257
294
301
138
260
310
283
205
194
176
231
268
288
95
243
308
253
316
296
312
255
291
227
118
153
259
210
309
275
104
176
208
194
201
263
141
188
169
301
253
174
283
322
257
203
253
148
112
263
344
110
276
184
293
270
245
217
218
142
156
296
272
270
182
204
252
300
282
219
254
98
213
199
163
217
187
160
193
141
274
87
203
207
160
212
192
156
231
160
218
93
218
183
175
190
189
138
183
169
230
191
169
148
164
184
193
170
161
144
141
81
146
76
167
190
213
216
152
165
81
87
79
228
165
174
132
205
94
213
211
131
139
155
174
229
175
184
158
215
115
142
121
73
176
143
224
167
224
231
176
227
155
275
128
210
107
134
160
203
137
223
115
201
181
85
185
81
144
216
203
202
159
107
233
265
269
243
217
220
223
133
225
138
123
186
182
146
203
149
206
173
177
165
235
138
169
88
222
102
247
173
151
227
180
133
185
159
219
88
190
162
135
211
194
163
194
201
72
225
202
181
271
181
134
143
143
52
91
183
202
239
160
202
208
115
146
237
265
149
219
210
115
178
183
85
232
217
160
164
112
116
137
128
186
116
110
144
133
209
208
181
132
107
84
131
86
176
146
121
173
180
190
259
262
308
199
186
258
266
300
229
107
174
210
114
66
211
180
181
124
203
141
168
212
220
77
70
144
216
116
290
183
274
178
120
96
83
81
121
179
137
221
225
243
194
132
180
239
105
236
194
120
140
155
160
208
80
221
205
144
175
165
178
100
218
194
139
139
189
166
121
190
206
200
68
177
143
193
219
199
195
208
191
254
267
175
92
216
239
115
83
208
128
136
150
182
212
183
143
217
101
181
82
151
133
162
135
264
145
138
171
152
242
208
166
203
209
291
149
245
103
136
178
202
95
172
146
206
232
251
193
209
177
88
133
195
136
208
163
198
142
147
179
198
173
117
161
148
100
119
173
74
164
163
93
127
99
102
59
141
122
143
118
112
118
154
140
137
143
112
126
104
81
153
66
156
64
133
117
52
95
84
60
140
170
151
61
50
65
47
29
108
95
74
40
74
74
109
189
178
139
206
142
122
90
158
177
131
220
140
72
87
147
146
74
134
110
65
100
84
193
182
71
64
102
98
83
75
93
54
134
100
150
125
196
140
42
152
110
158
61
47
118
76
110
105
61
194
151
115
57
181
67
168
179
75
118
120
112
185
107
153
54
160
173
110
103
163
142
111
80
120
149
161
130
158
157
142
113
134
136
116
197
199
105
162
179
157
75
121
187
78
114
195
206
89
75
107
74
155
125
91
112
148
106
89
121
77
206
239
161
144
93
91
92
104
183
135
99
224
118
222
247
211
155
164
186
198
214
315
118
251
215
196
95
217
216
244
127
104
261
163
226
141
113
244
225
91
170
127
130
139
185
164
242
249
218
215
246
193
193
143
133
237
75
203
114
226
246
100
276
212
182
237
150
123
138
200
245
218
221
253
200
147
265
253
167
189
266
196
241
283
195
83
179
281
189
265
163
317
255
165
228
80
251
143
99
85
168
158
208
166
278
260
159
325
220
73
144
153
150
198
167
112
160
131
165
64
142
124
116
212
140
111
158
123
245
78
180
155
157
154
140
118
225
104
165
69
116
145
202
247
168
298
164
122
182
217
160
232
128
210
150
103
138
102
66
174
189
158
103
142
144
137
99
167
145
133
201
169
128
127
167
133
197
96
84
69
135
113
159
150
115
172
166
194
193
210
247
179
105
85
151
161
179
140
132
155
143
60
166
153
216
135
150
189
148
114
104
60
59
138
138
99
102
139
194
116
109
165
91
68
112
137
132
78
141
98
145
192
94
176
84
171
73
213
106
188
143
132
223
178
128
240
145
223
81
234
169
161
209
152
125
207
125
270
91
264
205
131
153
243
134
223
152
192
204
220
152
103
245
156
210
195
159
131
266
93
216
209
185
183
145
242
72
223
253
234
145
178
183
115
176
248
114
181
185
204
114
238
134
263
223
139
110
123
148
113
65
153
201
167
137
75
169
221
136
108
158
179
198
209
95
193
201
184
207
106
223
158
244
93
177
131
198
151
80
183
102
178
134
104
186
168
207
149
161
166
237
144
174
101
113
110
172
135
77
212
239
210
214
104
207
147
130
127
136
137
146
110
184
97
144
133
205
178
231
189
178
132
194
88
218
248
168
159
205
148
180
151
125
127
179
129
194
70
152
146
113
98
185
222
168
137
177
165
155
175
143
138
124
136
141
174
118
106
136
182
179
129
213
164
196
142
184
198
167
198
204
163
170
106
135
159
189
163
117
184
143
157
170
228
149
109
180
169
87
203
144
165
157
165
136
145
197
196
189
165
111
196
205
205
219
131
217
116
148
161
128
178
187
210
181
95
225
78
247
166
152
121
229
115
123
155
65
110
101
111
100
137
128
53
201
156
111
100
127
87
121
64
184
163
124
60
153
92
146
134
153
140
185
227
132
182
173
200
162
139
129
161
109
120
178
176
83
75
138
102
176
200
190
58
146
165
59
100
58
155
110
167
45
136
160
139
154
191
101
157
90
89
146
141
208
181
127
62
144
104
208
197
204
100
204
206
192
227
176
188
131
214
132
185
126
220
258
129
101
169
74
144
168
152
151
123
120
168
142
217
65
174
182
163
180
193
142
260
152
256
87
208
179
144
171
179
131
217
153
88
132
153
191
85
148
182
186
107
223
262
220
197
217
206
192
176
218
287
165
116
200
267
154
74
201
90
218
230
222
265
282
199
187
229
148
216
155
290
181
164
80
156
267
131
107
175
199
184
154
225
141
160
138
84
217
153
151
153
193
188
173
174
130
238
201
208
176
223
268
219
243
289
199
114
187
144
213
170
239
223
149
261
163
204
136
242
201
205
218
173
136
192
157
220
166
96
204
222
174
102
138
158
93
128
138
113
169
140
114
174
134
88
185
112
90
163
138
165
71
95
142
124
101
101
75
106
122
124
187
122
133
155
106
141
85
189
163
102
125
126
150
102
87
131
147
121
188
86
178
229
161
50
169
61
65
142
111
170
137
108
125
111
142
102
139
188
163
120
109
129
176
130
107
105
90
143
151
141
126
141
95
166
199
151
158
159
150
136
105
112
123
163
128
104
142
113
116
148
134
96
152
152
175
152
141
189
215
85
227
212
112
190
167
128
233
161
199
117
257
221
112
123
198
141
245
136
196
103
260
221
112
106
133
148
235
137
216
217
95
242
189
95
96
203
143
237
129
157
153
122
140
213
188
181
179
199
107
155
192
213
109
111
125
110
222
188
248
94
215
233
231
183
177
108
104
177
187
131
117
172
150
110
96
104
138
157
189
190
116
123
190
89
128
212
122
168
179
232
128
197
103
194
170
226
216
104
90
163
104
211
148
124
118
174
111
155
118
195
86
172
150
127
152
163
125
185
75
203
132
129
143
119
104
138
102
216
57
198
94
147
125
114
133
114
146
116
190
119
112
147
114
119
124
130
96
233
179
116
73
205
164
76
113
146
177
79
174
172
146
120
117
157
144
117
124
102
124
106
242
123
118
157
107
173
146
160
82
213
181
122
100
129
99
187
148
109
110
98
127
173
103
105
174
198
84
195
192
117
82
221
181
72
190
163
127
122
155
80
183
114
129
152
72
204
163
64
107
233
143
278
264
175
277
280
201
268
141
318
155
300
252
228
256
232
208
293
207
227
137
279
233
215
196
273
160
279
171
160
246
188
166
261
245
229
208
227
160
243
198
187
229
225
297
266
286
218
251
297
258
225
292
267
285
162
126
311
189
277
251
264
144
231
291
263
220
166
180
262
268
195
238
163
154
312
215
261
160
207
148
190
314
148
169
202
305
316
273
254
216
173
224
237
165
287
272
209
116
177
178
231
265
232
134
166
152
295
155
148
367
167
276
322
209
290
250
356
323
186
204
170
206
267
232
332
256
309
185
222
268
118
288
234
345
201
191
209
313
229
347
162
112
364
305
324
215
228
150
180
326
198
195
125
287
161
256
143
186
301
89
288
132
315
199
284
234
238
155
295
336
180
179
312
249
238
345
305
257
301
195
284
233
170
203
324
301
236
179
259
130
345
174
173
226
307
212
335
336
172
199
291
228
207
277
263
138
251
194
205
218
177
156
232
137
272
132
234
219
152
212
214
193
184
116
246
136
179
232
155
177
216
161
221
168
256
158
260
189
303
250
101
147
229
123
122
150
221
172
243
246
255
109
284
153
244
177
207
170
332
164
237
163
179
178
225
195
192
112
156
189
257
218
182
148
145
112
89
199
312
203
238
273
162
290
302
194
327
251
199
204
242
103
259
148
336
208
211
300
247
165
319
198
163
274
135
249
232
192
293
276
178
225
208
191
179
151
131
191
205
126
266
271
183
186
204
173
297
339
331
148
200
194
239
173
192
200
223
155
350
135
163
199
170
234
201
134
225
141
309
152
207
206
244
244
202
183
287
112
235
124
213
123
226
190
178
204
179
215
337
315
82
133
184
227
192
219
249
157
219
246
166
125
366
261
101
298
336
293
246
111
107
196
137
124
179
143
211
188
196
116
166
184
156
106
206
120
180
163
221
109
183
268
159
146
191
146
198
113
167
178
174
145
115
247
133
178
133
248
223
125
79
124
147
207
168
117
60
95
202
125
212
85
215
214
136
174
137
128
208
186
219
166
157
188
155
186
166
224
96
163
141
132
186
158
135
190
212
210
250
74
206
262
176
93
124
164
140
231
150
195
166
145
200
150
204
182
190
205
192
112
106
139
226
145
197
171
151
209
162
170
93
143
93
122
118
113
126
159
219
138
101
197
172
152
208
173
159
256
150
182
213
159
236
103
120
266
176
209
144
156
186
146
98
101
192
145
127
246
172
110
125
112
229
202
151
171
95
167
204
123
123
148
137
159
180
155
123
99
184
164
93
208
148
188
211
181
213
214
157
120
113
243
185
149
149
174
139
113
201
202
155
131
166
132
145
136
150
186
157
181
149
161
149
146
172
127
189
164
115
168
151
264
114
239
165
157
213
192
201
233
115
95
203
172
254
117
194
209
138
152
208
151
178
114
131
234
157
186
197
146
172
121
134
227
166
145
204
211
81
169
116
222
224
214
169
243
172
95
228
147
249
186
116
187
206
218
197
160
164
162
190
71
137
180
192
191
106
88
172
123
185
146
112
147
150
228
156
155
224
88
160
153
205
115
165
211
126
120
140
110
184
85
158
146
170
212
150
175
90
170
148
223
187
100
197
148
146
155
148
152
83
163
156
180
93
57
106
217
205
188
102
177
134
172
212
210
155
228
198
256
144
255
161
199
166
246
182
231
206
221
155
240
209
203
235
251
180
276
211
178
185
181
310
226
192
188
224
299
226
123
212
237
144
157
153
185
248
285
172
224
252
201
259
298
140
136
261
156
175
211
160
162
200
205
230
267
233
243
247
255
206
170
160
230
132
235
142
123
223
346
251
301
237
212
140
168
310
98
179
129
236
107
141
180
109
217
119
205
265
219
124
188
213
177
197
202
165
188
179
157
89
226
214
147
201
169
112
163
169
87
172
191
143
167
153
161
100
177
123
139
171
158
153
140
98
202
164
94
163
164
133
149
107
187
130
179
209
136
164
165
157
89
206
212
159
70
171
110
146
120
163
122
166
160
127
170
182
95
111
148
197
93
154
154
110
150
201
122
137
170
155
161
115
174
114
177
160
119
197
123
204
111
118
139
163
137
128
156
162
191
147
65
112
136
114
98
142
122
183
88
105
180
149
121
130
105
121
94
143
166
172
158
267
96
217
191
162
220
211
147
247
165
249
80
203
224
156
211
169
144
221
144
278
108
207
210
163
156
196
149
245
146
190
172
182
205
157
200
197
115
176
169
222
273
185
219
120
219
162
170
178
89
180
201
123
79
193
164
116
212
119
242
214
146
132
165
226
156
187
217
222
78
181
160
206
227
94
200
163
231
130
210
197
246
192
131
181
177
174
101
177
199
173
172
257
277
244
177
130
90
157
112
234
239
139
191
188
111
192
225
187
187
167
179
155
169
185
163
212
217
215
186
153
209
222
218
211
156
121
217
99
239
188
148
137
164
104
154
151
192
83
164
162
107
139
155
107
143
143
220
85
186
248
161
83
188
117
220
165
175
136
235
178
136
142
141
165
140
125
220
159
176
181
208
216
214
228
137
152
169
200
91
202
221
164
181
163
207
178
272
214
174
142
92
161
166
200
158
203
210
200
182
139
188
81
135
94
165
164
133
140
207
211
151
123
171
150
141
84
188
210
228
144
91
190
169
210
180
163
130
159
145
204
199
191
152
87
148
258
190
146
170
145
171
177
91
214
178
126
114
198
154
202
102
212
176
163
184
195
184
198
99
158
206
168
158
174
192
156
78
149
146
144
173
224
159
138
202
141
77
169
192
234
131
151
149
167
118
180
192
138
157
131
161
177
127
192
205
174
197
181
216
93
226
211
127
226
84
158
233
104
105
166
74
165
134
187
78
148
102
148
181
199
224
107
145
93
207
171
138
204
129
181
97
98
203
141
247
231
186
186
233
208
115
89
229
142
153
133
189
176
206
176
216
212
179
91
191
182
154
257
81
179
234
158
170
83
156
213
190
114
203
198
175
184
162
180
241
133
199
98
174
150
346
195
116
215
191
164
186
202
329
146
231
186
198
226
230
178
273
194
258
166
267
198
219
309
254
202
302
236
275
133
182
229
203
318
254
181
248
168
106
218
236
184
191
284
111
203
188
195
185
160
213
186
165
273
211
219
175
245
270
290
160
169
293
274
265
148
207
187
94
85
199
249
86
216
206
153
238
273
230
229
182
220
253
246
215
280
220
179
102
139
147
98
154
197
213
164
162
163
202
157
159
127
240
132
183
242
162
239
224
228
284
246
193
135
160
252
171
183
153
112
165
193
213
205
215
212
233
246
113
244
183
139
167
161
136
180
163
242
120
218
232
175
147
200
174
163
169
245
138
278
190
188
153
208
196
188
130
199
190
131
195
203
176
189
167
227
188
209
241
283
103
263
195
256
206
188
133
198
261
192
152
140
110
229
288
209
224
251
210
106
154
178
204
192
218
250
172
123
184
177
150
176
166
171
185
145
125
235
130
223
150
228
152
59
138
127
140
127
108
152
116
163
76
108
129
155
148
96
173
137
52
86
110
111
155
114
112
160
107
54
123
107
111
61
176
202
160
107
103
58
83
155
132
124
166
153
81
144
196
157
132
70
107
113
162
120
130
108
106
137
139
109
58
206
125
104
105
163
140
114
122
119
148
63
55
155
173
172
110
124
112
141
116
68
174
116
73
135
88
117
200
105
174
125
52
106
186
153
170
167
99
119
137
131
132
232
88
165
196
156
229
170
150
223
152
194
104
257
156
179
196
210
136
199
110
212
95
259
243
185
149
191
148
72
164
138
178
170
178
86
184
184
199
269
126
75
153
254
179
147
173
116
269
71
126
185
167
124
171
188
177
160
196
210
110
244
141
173
198
130
140
163
77
62
142
125
77
260
241
147
168
68
55
196
64
83
86
168
143
97
139
152
146
229
104
202
154
261
175
179
167
121
78
181
142
133
233
137
148
102
131
116
119
218
196
148
187
187
229
162
177
122
144
93
111
171
177
108
205
174
193
193
184
138
183
130
263
89
233
168
185
152
226
135
222
145
228
105
211
203
170
91
168
156
187
137
86
228
86
197
167
166
142
202
205
242
266
152
145
165
212
109
153
262
165
184
134
135
83
139
273
132
146
145
164
190
229
70
196
157
209
119
137
175
122
189
176
147
136
190
139
197
180
184
177
164
209
199
81
176
187
152
213
203
113
239
211
187
124
198
165
193
148
224
160
129
171
205
205
126
175
107
141
100
280
272
203
114
110
209
83
171
225
107
75
117
159
218
148
194
105
189
210
186
125
190
151
193
105
128
106
176
178
127
116
148
136
125
174
167
108
177
154
150
146
146
136
117
124
78
110
67
95
84
111
208
209
126
144
103
152
111
136
93
151
95
158
155
163
111
156
228
139
155
180
176
132
103
149
103
146
214
90
92
133
127
131
108
124
146
86
140
170
146
117
141
155
88
129
107
84
116
156
194
190
164
86
109
71
121
114
130
243
78
199
205
135
114
243
124
174
125
203
73
229
199
163
242
210
122
178
156
181
70
186
171
130
158
185
139
185
141
140
114
181
74
122
183
165
150
182
103
119
158
130
125
167
180
231
192
198
203
101
169
172
217
135
146
57
167
112
130
108
95
119
118
185
140
176
135
93
138
86
209
143
125
216
202
139
138
142
131
126
124
149
148
107
108
124
206
124
129
177
69
85
160
180
105
182
269
86
198
189
141
118
184
117
183
91
142
142
91
148
156
83
145
244
119
195
214
141
110
167
125
165
119
144
132
120
104
191
147
121
146
110
96
105
92
154
115
128
90
62
77
94
126
108
124
241
98
71
108
105
158
83
89
107
110
147
137
121
104
99
186
128
139
92
113
127
121
177
170
118
115
108
109
71
115
134
114
129
125
82
193
85
126
165
96
111
100
100
154
88
96
79
171
73
136
115
148
186
96
155
124
113
72
120
123
137
200
103
181
142
138
118
161
152
125
159
190
125
88
157
145
146
112
114
124
161
77
154
210
138
97
151
208
130
222
142
146
214
169
169
166
83
167
175
187
74
161
239
147
224
94
84
94
110
109
131
136
201
101
162
130
141
145
109
79
133
158
111
146
93
153
121
128
104
122
289
121
162
268
100
201
189
144
181
225
153
270
178
319
99
261
208
169
135
244
